[net]
batch = 12
clip_duration = 16
height = 224
width = 224
channels = 3
momentum = 0.9
decay = 0.0005

learning_rate = 0.0001
max_batches = 100000
steps = 30000,40000,50000,60000
scales = 0.5,0.5,0.5,0.5


[region]
#anchors = 0.70458, 1.18803, 1.26654, 2.55121, 1.59382, 4.08321, 2.30548, 4.94180, 3.52332, 5.919
anchors = 0.15386493403596901, 0.163128228183962, 0.06034621635673961, 0.10654019309191651, 0.11049591880637834, 0.08888120878830943, 0.2439972137404541, 0.23243835736499474, 0.08604700881066993, 0.16047830760848478
classes = 24
num = 5

object_scale = 5
noobject_scale = 1
class_scale = 1
coord_scale = 1
